v 0.000000 -2.000000 0.000000
v 1.447215 -0.894439 1.051451
v -0.552776 -0.894440 1.701298
v -1.788852 -0.894431 0.000000
v -0.552776 -0.894440 -1.701298
v 1.447215 -0.894439 -1.051451
v 0.552776 0.894440 1.701298
v -1.447215 0.894439 1.051451
v -1.447215 0.894439 -1.051451
v 0.552776 0.894440 -1.701298
v 1.788852 0.894431 0.000000
v 0.000000 2.000000 0.000000
v -0.515873 -1.101371 1.587721
v -0.465643 -1.315038 1.433126
v -0.401377 -1.520806 1.235332
v -0.324911 -1.701309 0.999991
v -0.240825 -1.841910 0.741197
v -0.155213 -1.935899 0.477705
v -0.073695 -1.985730 0.226815
v 0.192941 -1.985730 0.140178
v 0.406362 -1.935899 0.295236
v 0.630502 -1.841909 0.458081
v 0.850645 -1.701308 0.618023
v 1.050839 -1.520805 0.763471
v 1.219093 -1.315038 0.885713
v 1.350600 -1.101370 0.981257
v 1.276905 -0.953975 1.208075
v 1.063882 -1.004603 1.363425
v 0.810017 -1.039145 1.504676
v 0.525738 -1.051475 1.618023
v 0.229128 -1.039145 1.693422
v -0.059279 -1.004604 1.728368
v -0.322931 -0.953975 1.727903
v 1.543543 -0.953974 -0.841077
v 1.625458 -1.004601 -0.590475
v 1.681345 -1.039142 -0.305389
v 1.701296 -1.051472 0.000000
v 1.681345 -1.039142 0.305389
v 1.625458 -1.004601 0.590475
v 1.543543 -0.953974 0.841077
v 0.192941 -1.985730 -0.140178
v 0.406362 -1.935899 -0.295236
v 0.630502 -1.841909 -0.458081
v 0.850645 -1.701308 -0.618023
v 1.050839 -1.520805 -0.763471
v 1.219093 -1.315038 -0.885713
v 1.350600 -1.101370 -0.981257
v -1.669432 -1.101362 0.000000
v -1.506883 -1.315030 0.000000
v -1.298912 -1.520798 0.000000
v -1.051460 -1.701303 0.000000
v -0.779347 -1.841906 0.000000
v -0.502294 -1.935898 0.000000
v -0.238490 -1.985730 0.000000
v -0.754366 -0.953975 1.587723
v -0.967943 -1.004603 1.433129
v -1.180732 -1.039144 1.235336
v -1.376379 -1.051472 0.999994
v -1.539744 -1.039140 0.741199
v -1.662101 -1.004597 0.477707
v -1.743130 -0.953968 0.226816
v -0.515873 -1.101371 -1.587721
v -0.465643 -1.315038 -1.433126
v -0.401377 -1.520806 -1.235332
v -0.324911 -1.701309 -0.999991
v -0.240825 -1.841910 -0.741197
v -0.155213 -1.935899 -0.477705
v -0.073695 -1.985730 -0.226815
v -1.743130 -0.953968 -0.226816
v -1.662101 -1.004597 -0.477707
v -1.539744 -1.039140 -0.741199
v -1.376379 -1.051472 -0.999994
v -1.180731 -1.039144 -1.235336
v -0.967943 -1.004603 -1.433129
v -0.754366 -0.953975 -1.587723
v -0.322931 -0.953975 -1.727903
v -0.059279 -1.004604 -1.728368
v 0.229128 -1.039145 -1.693422
v 0.525738 -1.051475 -1.618023
v 0.810017 -1.039145 -1.504676
v 1.063882 -1.004603 -1.363425
v 1.276905 -0.953975 -1.208075
v 1.862376 0.715476 0.140179
v 1.913252 0.502299 0.295237
v 1.929423 0.259785 0.458083
v 1.902116 -0.000000 0.618025
v 1.830197 -0.259786 0.763473
v 1.721395 -0.502302 0.885715
v 1.589094 -0.715481 0.981258
v 1.589094 -0.715481 -0.981258
v 1.721395 -0.502302 -0.885715
v 1.830197 -0.259786 -0.763473
v 1.902116 0.000000 -0.618025
v 1.929423 0.259785 -0.458083
v 1.913252 0.502299 -0.295237
v 1.862376 0.715476 -0.140179
v 0.442178 0.715482 1.814542
v 0.310430 0.502303 1.910844
v 0.160552 0.259787 1.976546
v -0.000000 -0.000000 2.000000
v -0.160552 -0.259787 1.976546
v -0.310430 -0.502303 1.910844
v -0.442178 -0.715482 1.814542
v 1.424301 -0.715483 1.208078
v 1.374317 -0.502304 1.363431
v 1.291679 -0.259788 1.504685
v 1.175571 0.000000 1.618034
v 1.031891 0.259788 1.693432
v 0.872014 0.502304 1.728376
v 0.708818 0.715483 1.727906
v -1.589094 0.715481 0.981258
v -1.721395 0.502302 0.885715
v -1.830197 0.259786 0.763473
v -1.902116 -0.000000 0.618025
v -1.929423 -0.259785 0.458083
v -1.913252 -0.502299 0.295237
v -1.862376 -0.715476 0.140179
v -0.708818 -0.715483 1.727906
v -0.872014 -0.502304 1.728376
v -1.031891 -0.259788 1.693432
v -1.175571 0.000000 1.618033
v -1.291679 0.259788 1.504685
v -1.374317 0.502304 1.363431
v -1.424301 0.715483 1.208078
v -1.424301 0.715483 -1.208078
v -1.374317 0.502304 -1.363431
v -1.291679 0.259788 -1.504685
v -1.175571 -0.000000 -1.618034
v -1.031891 -0.259788 -1.693432
v -0.872014 -0.502304 -1.728376
v -0.708818 -0.715483 -1.727906
v -1.862376 -0.715476 -0.140179
v -1.913252 -0.502299 -0.295237
v -1.929423 -0.259785 -0.458083
v -1.902116 0.000000 -0.618025
v -1.830197 0.259786 -0.763473
v -1.721395 0.502302 -0.885715
v -1.589094 0.715481 -0.981258
v 0.708818 0.715483 -1.727906
v 0.872014 0.502304 -1.728376
v 1.031891 0.259788 -1.693432
v 1.175571 -0.000000 -1.618033
v 1.291679 -0.259788 -1.504685
v 1.374317 -0.502304 -1.363431
v 1.424301 -0.715483 -1.208078
v -0.442178 -0.715482 -1.814542
v -0.310430 -0.502303 -1.910844
v -0.160552 -0.259787 -1.976546
v 0.000000 0.000000 -2.000000
v 0.160552 0.259787 -1.976546
v 0.310430 0.502303 -1.910844
v 0.442178 0.715482 -1.814542
v 1.743130 0.953968 0.226816
v 1.662101 1.004597 0.477707
v 1.539744 1.039140 0.741199
v 1.376379 1.051472 0.999994
v 1.180731 1.039144 1.235336
v 0.967943 1.004603 1.433129
v 0.754366 0.953975 1.587723
v 0.322931 0.953975 1.727903
v 0.059279 1.004604 1.728368
v -0.229128 1.039145 1.693422
v -0.525738 1.051475 1.618023
v -0.810017 1.039145 1.504676
v -1.063882 1.004603 1.363425
v -1.276905 0.953975 1.208075
v -1.543543 0.953974 0.841077
v -1.625458 1.004601 0.590475
v -1.681345 1.039142 0.305389
v -1.701296 1.051472 -0.000000
v -1.681345 1.039142 -0.305389
v -1.625458 1.004601 -0.590475
v -1.543543 0.953974 -0.841077
v -1.276905 0.953975 -1.208075
v -1.063882 1.004603 -1.363425
v -0.810017 1.039145 -1.504676
v -0.525738 1.051475 -1.618023
v -0.229128 1.039145 -1.693422
v 0.059279 1.004604 -1.728368
v 0.322931 0.953975 -1.727903
v 0.754366 0.953975 -1.587723
v 0.967943 1.004603 -1.433129
v 1.180732 1.039144 -1.235336
v 1.376379 1.051472 -0.999994
v 1.539744 1.039140 -0.741199
v 1.662101 1.004597 -0.477707
v 1.743130 0.953968 -0.226816
v 0.073695 1.985730 0.226815
v 0.155213 1.935899 0.477705
v 0.240825 1.841910 0.741197
v 0.324911 1.701309 0.999990
v 0.401377 1.520806 1.235332
v 0.465643 1.315038 1.433126
v 0.515873 1.101371 1.587721
v 1.669432 1.101362 0.000000
v 1.506883 1.315030 0.000000
v 1.298912 1.520798 0.000000
v 1.051460 1.701303 0.000000
v 0.779347 1.841906 0.000000
v 0.502294 1.935898 0.000000
v 0.238490 1.985730 0.000000
v -0.192941 1.985730 0.140178
v -0.406362 1.935899 0.295236
v -0.630502 1.841909 0.458081
v -0.850645 1.701308 0.618023
v -1.050839 1.520805 0.763471
v -1.219093 1.315038 0.885713
v -1.350600 1.101370 0.981257
v -0.192941 1.985730 -0.140178
v -0.406362 1.935899 -0.295236
v -0.630502 1.841909 -0.458081
v -0.850645 1.701308 -0.618023
v -1.050839 1.520805 -0.763471
v -1.219093 1.315038 -0.885713
v -1.350600 1.101370 -0.981257
v 0.073695 1.985730 -0.226815
v 0.155213 1.935899 -0.477705
v 0.240825 1.841910 -0.741197
v 0.324911 1.701309 -0.999990
v 0.401377 1.520806 -1.235332
v 0.465643 1.315038 -1.433126
v 0.515873 1.101371 -1.587721
v 0.332395 1.957343 -0.241499
v 0.614335 1.886416 -0.253036
v 0.430490 1.886417 -0.506072
v 0.902750 1.765707 -0.259461
v 0.723601 1.788858 -0.525726
v 0.525724 1.765710 -0.778384
v 1.175566 1.597099 -0.259462
v 1.013457 1.639824 -0.532805
v 0.819901 1.639826 -0.799208
v 0.610027 1.597104 -1.037847
v 1.412516 1.393116 -0.253037
v 1.276387 1.447220 -0.525728
v 1.100016 1.466707 -0.799210
v 0.894418 1.447223 -1.051456
v 0.677137 1.393122 -1.265186
v 1.602043 1.172662 -0.241501
v 1.494732 1.228684 -0.506076
v 1.344174 1.259884 -0.778389
v 1.155661 1.259886 -1.037852
v 0.943198 1.228688 -1.265189
v 0.724731 1.172668 -1.449004
v -0.126965 1.957343 -0.390752
v -0.050816 1.886418 -0.662455
v -0.348276 1.886418 -0.565802
v 0.032196 1.765711 -0.938738
v -0.276395 1.788860 -0.850639
v -0.577832 1.765711 -0.740524
v 0.116499 1.597104 -1.198201
v -0.193558 1.639827 -1.128496
v -0.506732 1.639827 -1.026738
v -0.798545 1.597104 -0.900881
v 0.195830 1.393123 -1.421569
v -0.105579 1.447225 -1.376370
v -0.420175 1.466709 -1.293142
v -0.723607 1.447224 -1.175557
v -0.994019 1.393122 -1.034958
v 0.265369 1.172669 -1.598257
v -0.019417 1.228689 -1.577956
v -0.324926 1.259888 -1.518916
v -0.629941 1.259888 -1.419809
v -0.911805 1.228689 -1.287997
v -1.154132 1.172669 -1.137026
v -0.410863 1.957343 0.000000
v -0.645737 1.886417 -0.156383
v -0.645737 1.886417 0.156383
v -0.882845 1.765709 -0.320709
v -0.894420 1.788858 0.000000
v -0.882845 1.765709 0.320709
v -1.103559 1.597102 -0.481064
v -1.133079 1.639825 -0.164644
v -1.133079 1.639825 0.164644
v -1.103559 1.597102 0.481064
v -1.291480 1.393121 -0.625536
v -1.341633 1.447222 -0.324914
v -1.359696 1.466706 0.000000
v -1.341633 1.447222 0.324914
v -1.291479 1.393121 0.625536
v -1.438031 1.172667 -0.746270
v -1.506727 1.228686 -0.469152
v -1.544985 1.259884 -0.160355
v -1.544985 1.259884 0.160355
v -1.506727 1.228686 0.469152
v -1.438031 1.172667 0.746270
v -0.126965 1.957343 0.390752
v -0.348276 1.886418 0.565802
v -0.050816 1.886418 0.662455
v -0.577832 1.765711 0.740524
v -0.276394 1.788860 0.850639
v 0.032196 1.765711 0.938738
v -0.798545 1.597104 0.900881
v -0.506732 1.639827 1.026737
v -0.193558 1.639827 1.128495
v 0.116499 1.597104 1.198201
v -0.994019 1.393122 1.034958
v -0.723607 1.447224 1.175557
v -0.420175 1.466709 1.293142
v -0.105579 1.447225 1.376370
v 0.195830 1.393123 1.421569
v -1.154132 1.172669 1.137026
v -0.911805 1.228689 1.287997
v -0.629941 1.259888 1.419809
v -0.324926 1.259888 1.518916
v -0.019417 1.228689 1.577956
v 0.265369 1.172669 1.598257
v 0.332395 1.957343 0.241499
v 0.430490 1.886417 0.506072
v 0.614335 1.886416 0.253036
v 0.525724 1.765710 0.778384
v 0.723601 1.788858 0.525726
v 0.902750 1.765707 0.259461
v 0.610027 1.597104 1.037847
v 0.819902 1.639826 0.799208
v 1.013457 1.639824 0.532805
v 1.175566 1.597099 0.259462
v 0.677137 1.393122 1.265186
v 0.894418 1.447223 1.051456
v 1.100016 1.466707 0.799210
v 1.276387 1.447220 0.525728
v 1.412516 1.393116 0.253037
v 0.724731 1.172668 1.449004
v 0.943198 1.228688 1.265189
v 1.155661 1.259886 1.037852
v 1.344174 1.259884 0.778389
v 1.494732 1.228684 0.506076
v 1.602043 1.172662 0.241501
v 1.807479 0.761794 -0.390753
v 1.843016 0.532126 -0.565805
v 1.709984 0.798188 -0.662458
v 1.837713 0.272819 -0.740528
v 1.723608 0.552792 -0.850644
v 1.564893 0.818458 -0.938742
v 1.785611 -0.000000 -0.900885
v 1.693319 0.280118 -1.026744
v 1.553260 0.560236 -1.128503
v 1.376381 0.818459 -1.198207
v 1.690580 -0.266064 -1.034963
v 1.618039 0.000000 -1.175564
v 1.499765 0.280119 -1.293151
v 1.341641 0.552795 -1.376378
v 1.158452 0.798193 -1.421576
v 1.565003 -0.507867 -1.137030
v 1.506737 -0.266065 -1.288004
v 1.408587 0.000000 -1.419818
v 1.272177 0.272821 -1.518926
v 1.107640 0.532130 -1.577965
v 0.930169 0.761801 -1.598263
v 0.186902 0.761800 -1.839763
v 0.031400 0.532129 -1.927655
v -0.101633 0.798193 -1.831000
v -0.136410 0.272820 -1.976603
v -0.276397 0.552794 -1.902110
v -0.409230 0.818460 -1.778385
v -0.305017 -0.000001 -1.976604
v -0.453236 0.280118 -1.927722
v -0.593295 0.560237 -1.825962
v -0.714247 0.818460 -1.679278
v -0.461896 -0.266066 -1.927657
v -0.618033 -0.000001 -1.902113
v -0.766414 0.280118 -1.825964
v -0.894430 0.552795 -1.701298
v -0.994024 0.798193 -1.541040
v -0.597771 -0.507868 -1.839766
v -0.759361 -0.266066 -1.831005
v -0.915053 -0.000001 -1.778392
v -1.051464 0.272820 -1.679283
v -1.158458 0.532129 -1.541043
v -1.232604 0.761800 -1.378531
v -1.691964 0.761798 -0.746271
v -1.823607 0.532127 -0.625538
v -1.772791 0.798190 -0.469153
v -1.922016 0.272819 -0.481066
v -1.894426 0.552792 -0.324915
v -1.817805 0.818457 -0.160355
v -1.974119 0.000000 -0.320710
v -1.973430 0.280117 -0.164645
v -1.919932 0.560235 0.000000
v -1.817805 0.818457 0.160355
v -1.976045 -0.266062 -0.156383
v -2.000000 0.000001 0.000001
v -1.973430 0.280119 0.164646
v -1.894426 0.552793 0.324916
v -1.772791 0.798191 0.469153
v -1.934445 -0.507862 0.000001
v -1.976045 -0.266060 0.156385
v -1.974119 0.000003 0.320712
v -1.922015 0.272822 0.481067
v -1.823606 0.532129 0.625539
v -1.691963 0.761799 0.746272
v -1.232604 0.761800 1.378531
v -1.158458 0.532129 1.541043
v -0.994025 0.798192 1.541040
v -1.051465 0.272820 1.679283
v -0.894432 0.552794 1.701297
v -0.714248 0.818460 1.679278
v -0.915055 -0.000001 1.778391
v -0.766415 0.280117 1.825963
v -0.593297 0.560236 1.825961
v -0.409231 0.818460 1.778385
v -0.759362 -0.266066 1.831005
v -0.618034 -0.000002 1.902113
v -0.453238 0.280117 1.927721
v -0.276399 0.552794 1.902110
v -0.101634 0.798192 1.830999
v -0.597771 -0.507868 1.839766
v -0.461897 -0.266066 1.927657
v -0.305018 -0.000001 1.976604
v -0.136411 0.272820 1.976604
v 0.031399 0.532129 1.927655
v 0.186902 0.761800 1.839763
v 0.930169 0.761800 1.598263
v 1.107639 0.532129 1.577965
v 1.158452 0.798192 1.421577
v 1.272176 0.272819 1.518927
v 1.341640 0.552792 1.376380
v 1.376380 0.818458 1.198209
v 1.408586 -0.000002 1.419819
v 1.499764 0.280115 1.293153
v 1.553260 0.560233 1.128505
v 1.564893 0.818456 0.938744
v 1.506736 -0.266067 1.288005
v 1.618037 -0.000004 1.175566
v 1.693318 0.280114 1.026747
v 1.723608 0.552789 0.850647
v 1.709984 0.798187 0.662459
v 1.565002 -0.507869 1.137031
v 1.690579 -0.266068 1.034964
v 1.785609 -0.000005 0.900888
v 1.837712 0.272815 0.740531
v 1.843016 0.532122 0.565807
v 1.807480 0.761793 0.390754
v 0.597771 0.507868 -1.839766
v 0.759362 0.266065 -1.831005
v 0.461897 0.266065 -1.927657
v 0.915055 -0.000000 -1.778391
v 0.618034 -0.000000 -1.902113
v 0.305018 0.000000 -1.976604
v 1.051465 -0.272821 -1.679283
v 0.766415 -0.280119 -1.825963
v 0.453237 -0.280119 -1.927721
v 0.136411 -0.272821 -1.976603
v 1.158458 -0.532130 -1.541043
v 0.894431 -0.552795 -1.701297
v 0.593296 -0.560238 -1.825961
v 0.276398 -0.552795 -1.902110
v -0.031399 -0.532129 -1.927655
v 1.232604 -0.761801 -1.378531
v 0.994024 -0.798193 -1.541040
v 0.714248 -0.818461 -1.679277
v 0.409231 -0.818461 -1.778385
v 0.101633 -0.798193 -1.830999
v -0.186902 -0.761800 -1.839763
v -1.565003 0.507867 -1.137030
v -1.506736 0.266065 -1.288005
v -1.690580 0.266064 -1.034964
v -1.408585 -0.000000 -1.419819
v -1.618037 -0.000000 -1.175567
v -1.785610 0.000000 -0.900887
v -1.272175 -0.272821 -1.518928
v -1.499762 -0.280119 -1.293154
v -1.693317 -0.280118 -1.026747
v -1.837712 -0.272819 -0.740531
v -1.107638 -0.532130 -1.577966
v -1.341638 -0.552795 -1.376381
v -1.553257 -0.560236 -1.128507
v -1.723606 -0.552793 -0.850648
v -1.843015 -0.532126 -0.565807
v -0.930167 -0.761800 -1.598264
v -1.158449 -0.798192 -1.421579
v -1.376377 -0.818459 -1.198212
v -1.564890 -0.818458 -0.938747
v -1.709982 -0.798189 -0.662462
v -1.807479 -0.761795 -0.390755
v -1.565003 0.507867 1.137030
v -1.690580 0.266064 1.034964
v -1.506736 0.266065 1.288005
v -1.785610 -0.000000 0.900887
v -1.618037 0.000000 1.175566
v -1.408585 0.000000 1.419819
v -1.837712 -0.272819 0.740531
v -1.693317 -0.280118 1.026747
v -1.499762 -0.280119 1.293154
v -1.272175 -0.272821 1.518927
v -1.843015 -0.532126 0.565807
v -1.723606 -0.552793 0.850648
v -1.553257 -0.560236 1.128507
v -1.341638 -0.552795 1.376381
v -1.107638 -0.532130 1.577966
v -1.807479 -0.761795 0.390755
v -1.709982 -0.798189 0.662462
v -1.564890 -0.818458 0.938747
v -1.376377 -0.818459 1.198212
v -1.158449 -0.798193 1.421579
v -0.930167 -0.761800 1.598264
v 0.597771 0.507868 1.839766
v 0.461897 0.266065 1.927657
v 0.759362 0.266065 1.831005
v 0.305018 -0.000000 1.976604
v 0.618034 0.000000 1.902113
v 0.915055 0.000000 1.778391
v 0.136411 -0.272821 1.976604
v 0.453238 -0.280119 1.927721
v 0.766415 -0.280119 1.825963
v 1.051465 -0.272821 1.679283
v -0.031399 -0.532129 1.927655
v 0.276398 -0.552795 1.902110
v 0.593296 -0.560238 1.825961
v 0.894431 -0.552795 1.701297
v 1.158458 -0.532130 1.541043
v -0.186902 -0.761800 1.839763
v 0.101633 -0.798193 1.830999
v 0.409231 -0.818461 1.778385
v 0.714248 -0.818461 1.679277
v 0.994024 -0.798193 1.541040
v 1.232604 -0.761801 1.378531
v 1.934444 0.507863 0.000000
v 1.976045 0.266063 0.156384
v 1.976045 0.266063 -0.156384
v 1.974119 -0.000000 0.320710
v 2.000000 0.000000 0.000000
v 1.974119 0.000000 -0.320710
v 1.922016 -0.272819 0.481066
v 1.973430 -0.280117 0.164645
v 1.973430 -0.280117 -0.164645
v 1.922016 -0.272819 -0.481066
v 1.823607 -0.532127 0.625538
v 1.894426 -0.552792 0.324915
v 1.919932 -0.560234 0.000000
v 1.894426 -0.552792 -0.324915
v 1.823607 -0.532127 -0.625538
v 1.691964 -0.761798 0.746271
v 1.772791 -0.798190 0.469153
v 1.817805 -0.818457 0.160355
v 1.817805 -0.818457 -0.160355
v 1.772791 -0.798190 -0.469153
v 1.691964 -0.761798 -0.746271
v 1.154132 -1.172668 -1.137026
v 0.994018 -1.393122 -1.034958
v 0.911805 -1.228689 -1.287997
v 0.798545 -1.597103 -0.900882
v 0.723607 -1.447223 -1.175558
v 0.629941 -1.259887 -1.419810
v 0.577832 -1.765710 -0.740526
v 0.506732 -1.639825 -1.026740
v 0.420174 -1.466707 -1.293144
v 0.324925 -1.259887 -1.518917
v 0.348276 -1.886417 -0.565805
v 0.276394 -1.788858 -0.850643
v 0.193557 -1.639825 -1.128499
v 0.105578 -1.447222 -1.376373
v 0.019416 -1.228688 -1.577957
v 0.126965 -1.957343 -0.390754
v 0.050815 -1.886416 -0.662459
v -0.032198 -1.765708 -0.938743
v -0.116501 -1.597101 -1.198206
v -0.195831 -1.393120 -1.421572
v -0.265369 -1.172667 -1.598259
v -0.724733 -1.172669 -1.449003
v -0.677139 -1.393122 -1.265185
v -0.943201 -1.228688 -1.265186
v -0.610029 -1.597103 -1.037847
v -0.894421 -1.447223 -1.051454
v -1.155664 -1.259885 -1.037848
v -0.525725 -1.765710 -0.778383
v -0.819904 -1.639825 -0.799206
v -1.100019 -1.466706 -0.799207
v -1.344177 -1.259883 -0.778385
v -0.430490 -1.886417 -0.506071
v -0.723602 -1.788858 -0.525725
v -1.013459 -1.639823 -0.532804
v -1.276389 -1.447219 -0.525726
v -1.494734 -1.228683 -0.506072
v -0.332396 -1.957343 -0.241498
v -0.614336 -1.886416 -0.253035
v -0.902751 -1.765707 -0.259461
v -1.175567 -1.597098 -0.259461
v -1.412517 -1.393115 -0.253036
v -1.602044 -1.172661 -0.241499
v -1.602044 -1.172661 0.241499
v -1.412517 -1.393115 0.253037
v -1.494734 -1.228683 0.506073
v -1.175567 -1.597098 0.259462
v -1.276389 -1.447218 0.525727
v -1.344176 -1.259883 0.778386
v -0.902751 -1.765707 0.259462
v -1.013459 -1.639822 0.532806
v -1.100019 -1.466705 0.799209
v -1.155664 -1.259884 1.037850
v -0.614336 -1.886415 0.253038
v -0.723603 -1.788857 0.525729
v -0.819904 -1.639823 0.799210
v -0.894421 -1.447221 1.051457
v -0.943201 -1.228687 1.265188
v -0.332396 -1.957343 0.241501
v -0.430491 -1.886416 0.506075
v -0.525726 -1.765708 0.778388
v -0.610029 -1.597100 1.037851
v -0.677139 -1.393119 1.265188
v -0.724733 -1.172667 1.449005
v 1.438031 -1.172667 -0.746270
v 1.506727 -1.228686 -0.469152
v 1.291480 -1.393121 -0.625536
v 1.544985 -1.259884 -0.160354
v 1.341634 -1.447221 -0.324914
v 1.103559 -1.597102 -0.481063
v 1.544985 -1.259884 0.160355
v 1.359697 -1.466705 0.000001
v 1.133080 -1.639824 -0.164643
v 0.882846 -1.765709 -0.320708
v 1.506728 -1.228685 0.469153
v 1.341635 -1.447220 0.324915
v 1.133081 -1.639823 0.164646
v 0.894422 -1.788857 0.000001
v 0.645738 -1.886416 -0.156382
v 1.438032 -1.172665 0.746271
v 1.291481 -1.393118 0.625538
v 1.103562 -1.597100 0.481066
v 0.882849 -1.765707 0.320711
v 0.645740 -1.886415 0.156385
v 0.410865 -1.957343 0.000001
v -0.265368 -1.172669 1.598258
v -0.195829 -1.393122 1.421570
v 0.019418 -1.228689 1.577956
v -0.116498 -1.597103 1.198202
v 0.105581 -1.447224 1.376371
v 0.324927 -1.259887 1.518916
v -0.032195 -1.765710 0.938739
v 0.193561 -1.639826 1.128497
v 0.420177 -1.466707 1.293144
v 0.629943 -1.259887 1.419809
v 0.050818 -1.886417 0.662456
v 0.276397 -1.788858 0.850641
v 0.506735 -1.639825 1.026740
v 0.723610 -1.447222 1.175558
v 0.911806 -1.228687 1.287997
v 0.126967 -1.957343 0.390753
v 0.348280 -1.886416 0.565805
v 0.577836 -1.765708 0.740527
v 0.798548 -1.597100 0.900883
v 0.994021 -1.393119 1.034959
v 1.154133 -1.172667 1.137026
f 1 20 19
f 2 26 40
f 1 19 54
f 1 54 68
f 1 68 41
f 2 40 89
f 3 33 103
f 4 61 117
f 5 75 131
f 6 82 145
f 2 89 104
f 3 103 118
f 4 117 132
f 5 131 146
f 6 145 90
f 7 159 194
f 8 166 208
f 9 173 215
f 10 180 222
f 11 187 195
f 201 216 12
f 200 223 201
f 199 224 200
f 198 226 199
f 197 229 198
f 196 233 197
f 195 238 196
f 201 223 216
f 223 217 216
f 200 224 223
f 224 225 223
f 223 225 217
f 225 218 217
f 199 226 224
f 226 227 224
f 224 227 225
f 227 228 225
f 225 228 218
f 228 219 218
f 198 229 226
f 229 230 226
f 226 230 227
f 230 231 227
f 227 231 228
f 231 232 228
f 228 232 219
f 232 220 219
f 197 233 229
f 233 234 229
f 229 234 230
f 234 235 230
f 230 235 231
f 235 236 231
f 231 236 232
f 236 237 232
f 232 237 220
f 237 221 220
f 196 238 233
f 238 239 233
f 233 239 234
f 239 240 234
f 234 240 235
f 240 241 235
f 235 241 236
f 241 242 236
f 236 242 237
f 242 243 237
f 237 243 221
f 243 222 221
f 195 187 238
f 187 186 238
f 238 186 239
f 186 185 239
f 239 185 240
f 185 184 240
f 240 184 241
f 184 183 241
f 241 183 242
f 183 182 242
f 242 182 243
f 182 181 243
f 243 181 222
f 181 10 222
f 216 209 12
f 217 244 216
f 218 245 217
f 219 247 218
f 220 250 219
f 221 254 220
f 222 259 221
f 216 244 209
f 244 210 209
f 217 245 244
f 245 246 244
f 244 246 210
f 246 211 210
f 218 247 245
f 247 248 245
f 245 248 246
f 248 249 246
f 246 249 211
f 249 212 211
f 219 250 247
f 250 251 247
f 247 251 248
f 251 252 248
f 248 252 249
f 252 253 249
f 249 253 212
f 253 213 212
f 220 254 250
f 254 255 250
f 250 255 251
f 255 256 251
f 251 256 252
f 256 257 252
f 252 257 253
f 257 258 253
f 253 258 213
f 258 214 213
f 221 259 254
f 259 260 254
f 254 260 255
f 260 261 255
f 255 261 256
f 261 262 256
f 256 262 257
f 262 263 257
f 257 263 258
f 263 264 258
f 258 264 214
f 264 215 214
f 222 180 259
f 180 179 259
f 259 179 260
f 179 178 260
f 260 178 261
f 178 177 261
f 261 177 262
f 177 176 262
f 262 176 263
f 176 175 263
f 263 175 264
f 175 174 264
f 264 174 215
f 174 9 215
f 209 202 12
f 210 265 209
f 211 266 210
f 212 268 211
f 213 271 212
f 214 275 213
f 215 280 214
f 209 265 202
f 265 203 202
f 210 266 265
f 266 267 265
f 265 267 203
f 267 204 203
f 211 268 266
f 268 269 266
f 266 269 267
f 269 270 267
f 267 270 204
f 270 205 204
f 212 271 268
f 271 272 268
f 268 272 269
f 272 273 269
f 269 273 270
f 273 274 270
f 270 274 205
f 274 206 205
f 213 275 271
f 275 276 271
f 271 276 272
f 276 277 272
f 272 277 273
f 277 278 273
f 273 278 274
f 278 279 274
f 274 279 206
f 279 207 206
f 214 280 275
f 280 281 275
f 275 281 276
f 281 282 276
f 276 282 277
f 282 283 277
f 277 283 278
f 283 284 278
f 278 284 279
f 284 285 279
f 279 285 207
f 285 208 207
f 215 173 280
f 173 172 280
f 280 172 281
f 172 171 281
f 281 171 282
f 171 170 282
f 282 170 283
f 170 169 283
f 283 169 284
f 169 168 284
f 284 168 285
f 168 167 285
f 285 167 208
f 167 8 208
f 202 188 12
f 203 286 202
f 204 287 203
f 205 289 204
f 206 292 205
f 207 296 206
f 208 301 207
f 202 286 188
f 286 189 188
f 203 287 286
f 287 288 286
f 286 288 189
f 288 190 189
f 204 289 287
f 289 290 287
f 287 290 288
f 290 291 288
f 288 291 190
f 291 191 190
f 205 292 289
f 292 293 289
f 289 293 290
f 293 294 290
f 290 294 291
f 294 295 291
f 291 295 191
f 295 192 191
f 206 296 292
f 296 297 292
f 292 297 293
f 297 298 293
f 293 298 294
f 298 299 294
f 294 299 295
f 299 300 295
f 295 300 192
f 300 193 192
f 207 301 296
f 301 302 296
f 296 302 297
f 302 303 297
f 297 303 298
f 303 304 298
f 298 304 299
f 304 305 299
f 299 305 300
f 305 306 300
f 300 306 193
f 306 194 193
f 208 166 301
f 166 165 301
f 301 165 302
f 165 164 302
f 302 164 303
f 164 163 303
f 303 163 304
f 163 162 304
f 304 162 305
f 162 161 305
f 305 161 306
f 161 160 306
f 306 160 194
f 160 7 194
f 188 201 12
f 189 307 188
f 190 308 189
f 191 310 190
f 192 313 191
f 193 317 192
f 194 322 193
f 188 307 201
f 307 200 201
f 189 308 307
f 308 309 307
f 307 309 200
f 309 199 200
f 190 310 308
f 310 311 308
f 308 311 309
f 311 312 309
f 309 312 199
f 312 198 199
f 191 313 310
f 313 314 310
f 310 314 311
f 314 315 311
f 311 315 312
f 315 316 312
f 312 316 198
f 316 197 198
f 192 317 313
f 317 318 313
f 313 318 314
f 318 319 314
f 314 319 315
f 319 320 315
f 315 320 316
f 320 321 316
f 316 321 197
f 321 196 197
f 193 322 317
f 322 323 317
f 317 323 318
f 323 324 318
f 318 324 319
f 324 325 319
f 319 325 320
f 325 326 320
f 320 326 321
f 326 327 321
f 321 327 196
f 327 195 196
f 194 159 322
f 159 158 322
f 322 158 323
f 158 157 323
f 323 157 324
f 157 156 324
f 324 156 325
f 156 155 325
f 325 155 326
f 155 154 326
f 326 154 327
f 154 153 327
f 327 153 195
f 153 11 195
f 96 187 11
f 95 328 96
f 94 329 95
f 93 331 94
f 92 334 93
f 91 338 92
f 90 343 91
f 96 328 187
f 328 186 187
f 95 329 328
f 329 330 328
f 328 330 186
f 330 185 186
f 94 331 329
f 331 332 329
f 329 332 330
f 332 333 330
f 330 333 185
f 333 184 185
f 93 334 331
f 334 335 331
f 331 335 332
f 335 336 332
f 332 336 333
f 336 337 333
f 333 337 184
f 337 183 184
f 92 338 334
f 338 339 334
f 334 339 335
f 339 340 335
f 335 340 336
f 340 341 336
f 336 341 337
f 341 342 337
f 337 342 183
f 342 182 183
f 91 343 338
f 343 344 338
f 338 344 339
f 344 345 339
f 339 345 340
f 345 346 340
f 340 346 341
f 346 347 341
f 341 347 342
f 347 348 342
f 342 348 182
f 348 181 182
f 90 145 343
f 145 144 343
f 343 144 344
f 144 143 344
f 344 143 345
f 143 142 345
f 345 142 346
f 142 141 346
f 346 141 347
f 141 140 347
f 347 140 348
f 140 139 348
f 348 139 181
f 139 10 181
f 152 180 10
f 151 349 152
f 150 350 151
f 149 352 150
f 148 355 149
f 147 359 148
f 146 364 147
f 152 349 180
f 349 179 180
f 151 350 349
f 350 351 349
f 349 351 179
f 351 178 179
f 150 352 350
f 352 353 350
f 350 353 351
f 353 354 351
f 351 354 178
f 354 177 178
f 149 355 352
f 355 356 352
f 352 356 353
f 356 357 353
f 353 357 354
f 357 358 354
f 354 358 177
f 358 176 177
f 148 359 355
f 359 360 355
f 355 360 356
f 360 361 356
f 356 361 357
f 361 362 357
f 357 362 358
f 362 363 358
f 358 363 176
f 363 175 176
f 147 364 359
f 364 365 359
f 359 365 360
f 365 366 360
f 360 366 361
f 366 367 361
f 361 367 362
f 367 368 362
f 362 368 363
f 368 369 363
f 363 369 175
f 369 174 175
f 146 131 364
f 131 130 364
f 364 130 365
f 130 129 365
f 365 129 366
f 129 128 366
f 366 128 367
f 128 127 367
f 367 127 368
f 127 126 368
f 368 126 369
f 126 125 369
f 369 125 174
f 125 9 174
f 138 173 9
f 137 370 138
f 136 371 137
f 135 373 136
f 134 376 135
f 133 380 134
f 132 385 133
f 138 370 173
f 370 172 173
f 137 371 370
f 371 372 370
f 370 372 172
f 372 171 172
f 136 373 371
f 373 374 371
f 371 374 372
f 374 375 372
f 372 375 171
f 375 170 171
f 135 376 373
f 376 377 373
f 373 377 374
f 377 378 374
f 374 378 375
f 378 379 375
f 375 379 170
f 379 169 170
f 134 380 376
f 380 381 376
f 376 381 377
f 381 382 377
f 377 382 378
f 382 383 378
f 378 383 379
f 383 384 379
f 379 384 169
f 384 168 169
f 133 385 380
f 385 386 380
f 380 386 381
f 386 387 381
f 381 387 382
f 387 388 382
f 382 388 383
f 388 389 383
f 383 389 384
f 389 390 384
f 384 390 168
f 390 167 168
f 132 117 385
f 117 116 385
f 385 116 386
f 116 115 386
f 386 115 387
f 115 114 387
f 387 114 388
f 114 113 388
f 388 113 389
f 113 112 389
f 389 112 390
f 112 111 390
f 390 111 167
f 111 8 167
f 124 166 8
f 123 391 124
f 122 392 123
f 121 394 122
f 120 397 121
f 119 401 120
f 118 406 119
f 124 391 166
f 391 165 166
f 123 392 391
f 392 393 391
f 391 393 165
f 393 164 165
f 122 394 392
f 394 395 392
f 392 395 393
f 395 396 393
f 393 396 164
f 396 163 164
f 121 397 394
f 397 398 394
f 394 398 395
f 398 399 395
f 395 399 396
f 399 400 396
f 396 400 163
f 400 162 163
f 120 401 397
f 401 402 397
f 397 402 398
f 402 403 398
f 398 403 399
f 403 404 399
f 399 404 400
f 404 405 400
f 400 405 162
f 405 161 162
f 119 406 401
f 406 407 401
f 401 407 402
f 407 408 402
f 402 408 403
f 408 409 403
f 403 409 404
f 409 410 404
f 404 410 405
f 410 411 405
f 405 411 161
f 411 160 161
f 118 103 406
f 103 102 406
f 406 102 407
f 102 101 407
f 407 101 408
f 101 100 408
f 408 100 409
f 100 99 409
f 409 99 410
f 99 98 410
f 410 98 411
f 98 97 411
f 411 97 160
f 97 7 160
f 110 159 7
f 109 412 110
f 108 413 109
f 107 415 108
f 106 418 107
f 105 422 106
f 104 427 105
f 110 412 159
f 412 158 159
f 109 413 412
f 413 414 412
f 412 414 158
f 414 157 158
f 108 415 413
f 415 416 413
f 413 416 414
f 416 417 414
f 414 417 157
f 417 156 157
f 107 418 415
f 418 419 415
f 415 419 416
f 419 420 416
f 416 420 417
f 420 421 417
f 417 421 156
f 421 155 156
f 106 422 418
f 422 423 418
f 418 423 419
f 423 424 419
f 419 424 420
f 424 425 420
f 420 425 421
f 425 426 421
f 421 426 155
f 426 154 155
f 105 427 422
f 427 428 422
f 422 428 423
f 428 429 423
f 423 429 424
f 429 430 424
f 424 430 425
f 430 431 425
f 425 431 426
f 431 432 426
f 426 432 154
f 432 153 154
f 104 89 427
f 89 88 427
f 427 88 428
f 88 87 428
f 428 87 429
f 87 86 429
f 429 86 430
f 86 85 430
f 430 85 431
f 85 84 431
f 431 84 432
f 84 83 432
f 432 83 153
f 83 11 153
f 139 152 10
f 140 433 139
f 141 434 140
f 142 436 141
f 143 439 142
f 144 443 143
f 145 448 144
f 139 433 152
f 433 151 152
f 140 434 433
f 434 435 433
f 433 435 151
f 435 150 151
f 141 436 434
f 436 437 434
f 434 437 435
f 437 438 435
f 435 438 150
f 438 149 150
f 142 439 436
f 439 440 436
f 436 440 437
f 440 441 437
f 437 441 438
f 441 442 438
f 438 442 149
f 442 148 149
f 143 443 439
f 443 444 439
f 439 444 440
f 444 445 440
f 440 445 441
f 445 446 441
f 441 446 442
f 446 447 442
f 442 447 148
f 447 147 148
f 144 448 443
f 448 449 443
f 443 449 444
f 449 450 444
f 444 450 445
f 450 451 445
f 445 451 446
f 451 452 446
f 446 452 447
f 452 453 447
f 447 453 147
f 453 146 147
f 145 82 448
f 82 81 448
f 448 81 449
f 81 80 449
f 449 80 450
f 80 79 450
f 450 79 451
f 79 78 451
f 451 78 452
f 78 77 452
f 452 77 453
f 77 76 453
f 453 76 146
f 76 5 146
f 125 138 9
f 126 454 125
f 127 455 126
f 128 457 127
f 129 460 128
f 130 464 129
f 131 469 130
f 125 454 138
f 454 137 138
f 126 455 454
f 455 456 454
f 454 456 137
f 456 136 137
f 127 457 455
f 457 458 455
f 455 458 456
f 458 459 456
f 456 459 136
f 459 135 136
f 128 460 457
f 460 461 457
f 457 461 458
f 461 462 458
f 458 462 459
f 462 463 459
f 459 463 135
f 463 134 135
f 129 464 460
f 464 465 460
f 460 465 461
f 465 466 461
f 461 466 462
f 466 467 462
f 462 467 463
f 467 468 463
f 463 468 134
f 468 133 134
f 130 469 464
f 469 470 464
f 464 470 465
f 470 471 465
f 465 471 466
f 471 472 466
f 466 472 467
f 472 473 467
f 467 473 468
f 473 474 468
f 468 474 133
f 474 132 133
f 131 75 469
f 75 74 469
f 469 74 470
f 74 73 470
f 470 73 471
f 73 72 471
f 471 72 472
f 72 71 472
f 472 71 473
f 71 70 473
f 473 70 474
f 70 69 474
f 474 69 132
f 69 4 132
f 111 124 8
f 112 475 111
f 113 476 112
f 114 478 113
f 115 481 114
f 116 485 115
f 117 490 116
f 111 475 124
f 475 123 124
f 112 476 475
f 476 477 475
f 475 477 123
f 477 122 123
f 113 478 476
f 478 479 476
f 476 479 477
f 479 480 477
f 477 480 122
f 480 121 122
f 114 481 478
f 481 482 478
f 478 482 479
f 482 483 479
f 479 483 480
f 483 484 480
f 480 484 121
f 484 120 121
f 115 485 481
f 485 486 481
f 481 486 482
f 486 487 482
f 482 487 483
f 487 488 483
f 483 488 484
f 488 489 484
f 484 489 120
f 489 119 120
f 116 490 485
f 490 491 485
f 485 491 486
f 491 492 486
f 486 492 487
f 492 493 487
f 487 493 488
f 493 494 488
f 488 494 489
f 494 495 489
f 489 495 119
f 495 118 119
f 117 61 490
f 61 60 490
f 490 60 491
f 60 59 491
f 491 59 492
f 59 58 492
f 492 58 493
f 58 57 493
f 493 57 494
f 57 56 494
f 494 56 495
f 56 55 495
f 495 55 118
f 55 3 118
f 97 110 7
f 98 496 97
f 99 497 98
f 100 499 99
f 101 502 100
f 102 506 101
f 103 511 102
f 97 496 110
f 496 109 110
f 98 497 496
f 497 498 496
f 496 498 109
f 498 108 109
f 99 499 497
f 499 500 497
f 497 500 498
f 500 501 498
f 498 501 108
f 501 107 108
f 100 502 499
f 502 503 499
f 499 503 500
f 503 504 500
f 500 504 501
f 504 505 501
f 501 505 107
f 505 106 107
f 101 506 502
f 506 507 502
f 502 507 503
f 507 508 503
f 503 508 504
f 508 509 504
f 504 509 505
f 509 510 505
f 505 510 106
f 510 105 106
f 102 511 506
f 511 512 506
f 506 512 507
f 512 513 507
f 507 513 508
f 513 514 508
f 508 514 509
f 514 515 509
f 509 515 510
f 515 516 510
f 510 516 105
f 516 104 105
f 103 33 511
f 33 32 511
f 511 32 512
f 32 31 512
f 512 31 513
f 31 30 513
f 513 30 514
f 30 29 514
f 514 29 515
f 29 28 515
f 515 28 516
f 28 27 516
f 516 27 104
f 27 2 104
f 83 96 11
f 84 517 83
f 85 518 84
f 86 520 85
f 87 523 86
f 88 527 87
f 89 532 88
f 83 517 96
f 517 95 96
f 84 518 517
f 518 519 517
f 517 519 95
f 519 94 95
f 85 520 518
f 520 521 518
f 518 521 519
f 521 522 519
f 519 522 94
f 522 93 94
f 86 523 520
f 523 524 520
f 520 524 521
f 524 525 521
f 521 525 522
f 525 526 522
f 522 526 93
f 526 92 93
f 87 527 523
f 527 528 523
f 523 528 524
f 528 529 524
f 524 529 525
f 529 530 525
f 525 530 526
f 530 531 526
f 526 531 92
f 531 91 92
f 88 532 527
f 532 533 527
f 527 533 528
f 533 534 528
f 528 534 529
f 534 535 529
f 529 535 530
f 535 536 530
f 530 536 531
f 536 537 531
f 531 537 91
f 537 90 91
f 89 40 532
f 40 39 532
f 532 39 533
f 39 38 533
f 533 38 534
f 38 37 534
f 534 37 535
f 37 36 535
f 535 36 536
f 36 35 536
f 536 35 537
f 35 34 537
f 537 34 90
f 34 6 90
f 47 82 6
f 46 538 47
f 45 539 46
f 44 541 45
f 43 544 44
f 42 548 43
f 41 553 42
f 47 538 82
f 538 81 82
f 46 539 538
f 539 540 538
f 538 540 81
f 540 80 81
f 45 541 539
f 541 542 539
f 539 542 540
f 542 543 540
f 540 543 80
f 543 79 80
f 44 544 541
f 544 545 541
f 541 545 542
f 545 546 542
f 542 546 543
f 546 547 543
f 543 547 79
f 547 78 79
f 43 548 544
f 548 549 544
f 544 549 545
f 549 550 545
f 545 550 546
f 550 551 546
f 546 551 547
f 551 552 547
f 547 552 78
f 552 77 78
f 42 553 548
f 553 554 548
f 548 554 549
f 554 555 549
f 549 555 550
f 555 556 550
f 550 556 551
f 556 557 551
f 551 557 552
f 557 558 552
f 552 558 77
f 558 76 77
f 41 68 553
f 68 67 553
f 553 67 554
f 67 66 554
f 554 66 555
f 66 65 555
f 555 65 556
f 65 64 556
f 556 64 557
f 64 63 557
f 557 63 558
f 63 62 558
f 558 62 76
f 62 5 76
f 62 75 5
f 63 559 62
f 64 560 63
f 65 562 64
f 66 565 65
f 67 569 66
f 68 574 67
f 62 559 75
f 559 74 75
f 63 560 559
f 560 561 559
f 559 561 74
f 561 73 74
f 64 562 560
f 562 563 560
f 560 563 561
f 563 564 561
f 561 564 73
f 564 72 73
f 65 565 562
f 565 566 562
f 562 566 563
f 566 567 563
f 563 567 564
f 567 568 564
f 564 568 72
f 568 71 72
f 66 569 565
f 569 570 565
f 565 570 566
f 570 571 566
f 566 571 567
f 571 572 567
f 567 572 568
f 572 573 568
f 568 573 71
f 573 70 71
f 67 574 569
f 574 575 569
f 569 575 570
f 575 576 570
f 570 576 571
f 576 577 571
f 571 577 572
f 577 578 572
f 572 578 573
f 578 579 573
f 573 579 70
f 579 69 70
f 68 54 574
f 54 53 574
f 574 53 575
f 53 52 575
f 575 52 576
f 52 51 576
f 576 51 577
f 51 50 577
f 577 50 578
f 50 49 578
f 578 49 579
f 49 48 579
f 579 48 69
f 48 4 69
f 48 61 4
f 49 580 48
f 50 581 49
f 51 583 50
f 52 586 51
f 53 590 52
f 54 595 53
f 48 580 61
f 580 60 61
f 49 581 580
f 581 582 580
f 580 582 60
f 582 59 60
f 50 583 581
f 583 584 581
f 581 584 582
f 584 585 582
f 582 585 59
f 585 58 59
f 51 586 583
f 586 587 583
f 583 587 584
f 587 588 584
f 584 588 585
f 588 589 585
f 585 589 58
f 589 57 58
f 52 590 586
f 590 591 586
f 586 591 587
f 591 592 587
f 587 592 588
f 592 593 588
f 588 593 589
f 593 594 589
f 589 594 57
f 594 56 57
f 53 595 590
f 595 596 590
f 590 596 591
f 596 597 591
f 591 597 592
f 597 598 592
f 592 598 593
f 598 599 593
f 593 599 594
f 599 600 594
f 594 600 56
f 600 55 56
f 54 19 595
f 19 18 595
f 595 18 596
f 18 17 596
f 596 17 597
f 17 16 597
f 597 16 598
f 16 15 598
f 598 15 599
f 15 14 599
f 599 14 600
f 14 13 600
f 600 13 55
f 13 3 55
f 34 47 6
f 35 601 34
f 36 602 35
f 37 604 36
f 38 607 37
f 39 611 38
f 40 616 39
f 34 601 47
f 601 46 47
f 35 602 601
f 602 603 601
f 601 603 46
f 603 45 46
f 36 604 602
f 604 605 602
f 602 605 603
f 605 606 603
f 603 606 45
f 606 44 45
f 37 607 604
f 607 608 604
f 604 608 605
f 608 609 605
f 605 609 606
f 609 610 606
f 606 610 44
f 610 43 44
f 38 611 607
f 611 612 607
f 607 612 608
f 612 613 608
f 608 613 609
f 613 614 609
f 609 614 610
f 614 615 610
f 610 615 43
f 615 42 43
f 39 616 611
f 616 617 611
f 611 617 612
f 617 618 612
f 612 618 613
f 618 619 613
f 613 619 614
f 619 620 614
f 614 620 615
f 620 621 615
f 615 621 42
f 621 41 42
f 40 26 616
f 26 25 616
f 616 25 617
f 25 24 617
f 617 24 618
f 24 23 618
f 618 23 619
f 23 22 619
f 619 22 620
f 22 21 620
f 620 21 621
f 21 20 621
f 621 20 41
f 20 1 41
f 13 33 3
f 14 622 13
f 15 623 14
f 16 625 15
f 17 628 16
f 18 632 17
f 19 637 18
f 13 622 33
f 622 32 33
f 14 623 622
f 623 624 622
f 622 624 32
f 624 31 32
f 15 625 623
f 625 626 623
f 623 626 624
f 626 627 624
f 624 627 31
f 627 30 31
f 16 628 625
f 628 629 625
f 625 629 626
f 629 630 626
f 626 630 627
f 630 631 627
f 627 631 30
f 631 29 30
f 17 632 628
f 632 633 628
f 628 633 629
f 633 634 629
f 629 634 630
f 634 635 630
f 630 635 631
f 635 636 631
f 631 636 29
f 636 28 29
f 18 637 632
f 637 638 632
f 632 638 633
f 638 639 633
f 633 639 634
f 639 640 634
f 634 640 635
f 640 641 635
f 635 641 636
f 641 642 636
f 636 642 28
f 642 27 28
f 19 20 637
f 20 21 637
f 637 21 638
f 21 22 638
f 638 22 639
f 22 23 639
f 639 23 640
f 23 24 640
f 640 24 641
f 24 25 641
f 641 25 642
f 25 26 642
f 642 26 27
f 26 2 27
